solid  -3.1  0   0    0 0 0    2    2    2     0
solid  -2.6  0  -2.1  0 0 0    2    2    2     0
solid  -2.2  0   3.2  0 0 0    2.5  2.5  2.5   0
solid  -2.3  0  -3.7  0 0 0    2.1  2.1  2.1   0
solid  -4.2  0  -3.1  0 0 0    1.7  1.7  1.7   0
solid  -7    0  -3.8  0 0 0    2.2  2.2  2.2   0
solid  -7.6  0  -2.4  0 0 0    1.9  1.9  1.9   0
solid  -9.3  0  -2.1  0 0 0    2.1  2.1  2.1   0
solid -11.1  0  -3.6  0 0 0    2.4  2.4  2.4   0
solid -13.7  0  -0.4  0 0 0    3    3    3     0

solid  0     0  21    0 0 0    2    2    2     3
